1723651887331 47419472.0 0
1723651887683 47066028.0 1
1723651888228 42041204.0 2
1723651888661 26982554.0 3
1723651889026 21123146.0 4
1723651889361 11013324.0 5
1723651889762 7977655.0 6
1723651890113 2709825.0 7
1723651890465 1007842.375 8
1723651890870 661269.3125 9
1723651891232 265999.3125 10
1723651891601 229376.328125 11
1723651891984 117104.75 12
1723651892325 99900.796875 13
1723651892665 58598.90234375 14
1723651893028 49426.8984375 15
1723651893391 42820.0703125 16
1723651893750 31236.208984375 17
1723651894126 28888.779296875 18
1723651894459 28162.568359375 19
1723651894790 24408.6328125 20
1723651895118 19267.18359375 21
1723651895509 16896.83984375 22
1723651895876 20042.373046875 23
1723651896265 16519.421875 24
1723651896629 16530.888671875 25
1723651896957 16099.6279296875 26
1723651897308 15465.8017578125 27
1723651897655 16084.1357421875 28
1723651898013 17351.30859375 29
1723651898421 17509.244140625 30
1723651898785 16053.7861328125 31
1723651899117 14302.537109375 32
1723651899514 14714.1171875 33
1723651899883 16618.3046875 34
1723651900221 17957.21484375 35
1723651900676 17147.787109375 36
1723651901000 19013.37109375 37
1723651901331 14208.8642578125 38
1723651901701 13638.7177734375 39
1723651902040 13468.2548828125 40
1723651902379 14120.919921875 41
1723651902791 15225.6337890625 42
1723651903160 19300.55078125 43
1723651903519 16740.810546875 44
1723651903938 16474.271484375 45
1723651904278 13430.1669921875 46
1723651904619 13314.3173828125 47
1723651904991 14933.046875 48
1723651905357 11613.568359375 49
1723651905773 14933.29296875 50
1723651906146 16073.9111328125 51
1723651906510 14051.587890625 52
1723651906929 16315.7744140625 53
1723651907275 14613.65625 54
1723651907681 12218.3291015625 55
1723651908100 13075.771484375 56
1723651908512 14805.8623046875 57
1723651908926 12072.978515625 58
1723651909343 15908.18359375 59
1723651909730 13654.80859375 60
1723651910049 15708.46484375 61
1723651910407 16411.294921875 62
1723651910766 15607.8779296875 63
1723651911101 14339.2529296875 64
1723651911536 16263.12890625 65
1723651911855 13691.2421875 66
1723651912168 14355.259765625 67
1723651912541 13970.8515625 68
1723651912862 11126.224609375 69
1723651913183 9672.521484375 70
1723651913557 12076.5859375 71
1723651913912 12847.6552734375 72
1723651914232 10731.353515625 73
1723651914644 16535.919921875 74
1723651915004 17817.064453125 75
1723651915358 13085.7529296875 76
1723651915759 12276.57421875 77
1723651916067 11877.4521484375 78
1723651916381 12557.4775390625 79
1723651916769 16278.98828125 80
1723651917125 12165.6494140625 81
1723651917462 10904.8759765625 82
1723651917835 12043.353515625 83
1723651918170 11362.89453125 84
1723651918530 13079.869140625 85
1723651918916 11407.5712890625 86
1723651919237 9459.310546875 87
1723651919588 11059.8291015625 88
1723651919972 11877.1875 89
1723651920349 20030.951171875 90
1723651920798 15420.8974609375 91
1723651921182 11290.90625 92
1723651921547 14300.763671875 93
1723651921971 8932.4150390625 94
1723651922511 9431.0458984375 95
1723651922916 10850.1044921875 96
1723651923268 11017.783203125 97
1723651923672 9372.70703125 98
1723651924008 12026.7177734375 99
1723651924354 12414.255859375 100
1723651924777 10123.421875 101
1723651925185 14883.7412109375 102
1723651925646 11950.0615234375 103
1723651926077 12798.89453125 104
1723651926408 9035.8193359375 105
1723651926752 9313.26171875 106
1723651927129 11529.205078125 107
1723651927507 14762.2119140625 108
1723651927827 10359.7236328125 109
1723651928177 10567.1640625 110
1723651928499 17025.796875 111
1723651928809 12918.5927734375 112
1723651929193 9892.3701171875 113
1723651929548 14047.93359375 114
1723651959203 8932.4150390625 115
